# Temperature: 0.000000
# Parameters: -557.215372 0.068606 6.174306 1759.592196
1442.900000000000091      -554.092859197266876
1481.539999999999964      -554.977571866020185
1520.880000000000109      -555.602319255418251
1560.900000000000091      -556.195045487947596
1601.609999999999900      -556.637448734689087
1643.029999999999973      -556.929414850001422
1685.160000000000082      -557.065962529467470
1728.000000000000000      -557.191975027636431
1771.559999999999945      -557.199794319609282
1815.849999999999909      -557.117870395931618
1860.869999999999891      -557.131089935795330
1906.619999999999891      -556.828674438235225


# Temperature: 10.000000
# Parameters: -557.215493 0.068606 6.176050 1759.579336
1442.900000000000091      -554.092956319742598
1481.539999999999964      -554.977734600501662
1520.880000000000109      -555.602407598326408
1560.900000000000091      -556.195238366889043
1601.609999999999900      -556.637755730389017
1643.029999999999973      -556.929607292607557
1685.160000000000082      -557.066114714165224
1728.000000000000000      -557.192113758483970
1771.559999999999945      -557.199873501545085
1815.849999999999909      -557.117954216911698
1860.869999999999891      -557.131188014892587
1906.619999999999891      -556.828769201804562


# Temperature: 20.000000
# Parameters: -557.216632 0.068596 6.188692 1759.486651
1442.900000000000091      -554.094043278083291
1481.539999999999964      -554.979428281784180
1520.880000000000109      -555.603292550955302
1560.900000000000091      -556.196854624014918
1601.609999999999900      -556.640286034703763
1643.029999999999973      -556.931492632957770
1685.160000000000082      -557.067386220652565
1728.000000000000000      -557.193352506644032
1771.559999999999945      -557.200616115526373
1815.849999999999909      -557.118673443932607
1860.869999999999891      -557.132522869830495
1906.619999999999891      -556.829586017693032


# Temperature: 30.000000
# Parameters: -557.220486 0.068529 6.225964 1759.266640
1442.900000000000091      -554.098291183364154
1481.539999999999964      -554.985239697345264
1520.880000000000109      -555.607034212754797
1560.900000000000091      -556.202369867276389
1601.609999999999900      -556.647454619461882
1643.029999999999973      -556.937565750315002
1685.160000000000082      -557.071277447064176
1728.000000000000000      -557.197474376263585
1771.559999999999945      -557.203655268898274
1815.849999999999909      -557.121531905700294
1860.869999999999891      -557.137179576897665
1906.619999999999891      -556.832835447459047


# Temperature: 40.000000
# Parameters: -557.229158 0.068377 6.292277 1758.929339
1442.900000000000091      -554.107869691517863
1481.539999999999964      -554.997285387304146
1520.880000000000109      -555.616012381316409
1560.900000000000091      -556.214076493467928
1601.609999999999900      -556.661277547394661
1643.029999999999973      -556.949964436720279
1685.160000000000082      -557.079710930055171
1728.000000000000000      -557.206635791220265
1771.559999999999945      -557.211327209653859
1815.849999999999909      -557.128662468121775
1860.869999999999891      -557.147191522691628
1906.619999999999891      -556.840916826366538


# Temperature: 50.000000
# Parameters: -557.244275 0.068146 6.383539 1758.525361
1442.900000000000091      -554.124003131941208
1481.539999999999964      -555.016566480427059
1520.880000000000109      -555.631665922143156
1560.900000000000091      -556.233155195328436
1601.609999999999900      -556.682820538394367
1643.029999999999973      -556.969877614137658
1685.160000000000082      -557.094232893350977
1728.000000000000000      -557.222452267595258
1771.559999999999945      -557.225474309980200
1815.849999999999909      -557.141849700850798
1860.869999999999891      -557.163941693789639
1906.619999999999891      -556.855810460438647


# Temperature: 60.000000
# Parameters: -557.266827 0.067846 6.493731 1758.110797
1442.900000000000091      -554.147180381755788
1481.539999999999964      -555.043374907957173
1520.880000000000109      -555.654633049991276
1560.900000000000091      -556.260029107383843
1601.609999999999900      -556.712474066083814
1643.029999999999973      -556.997814430114886
1685.160000000000082      -557.115799957425224
1728.000000000000000      -557.245852971964723
1771.559999999999945      -557.247207186722108
1815.849999999999909      -557.162282448119186
1860.869999999999891      -557.188230184377630
1906.619999999999891      -556.878792238172991


# Temperature: 70.000000
# Parameters: -557.297360 0.067493 6.617357 1757.729348
1442.900000000000091      -554.177520774053846
1481.539999999999964      -555.077698010983113
1520.880000000000109      -555.685133680019703
1560.900000000000091      -556.294777233304671
1601.609999999999900      -556.750312461923613
1643.029999999999973      -557.033942965020515
1685.160000000000082      -557.144945367774540
1728.000000000000000      -557.277314504980495
1771.559999999999945      -557.277123344845677
1815.849999999999909      -557.190673342167315
1860.869999999999891      -557.220483270389764
1906.619999999999891      -556.910576313283627


# Temperature: 80.000000
# Parameters: -557.336134 0.067096 6.750438 1757.408887
1442.900000000000091      -554.214988154138723
1481.539999999999964      -555.119418005870216
1520.880000000000109      -555.723197454021602
1560.900000000000091      -556.337342527148849
1601.609999999999900      -556.796279222022577
1643.029999999999973      -557.078271834666680
1685.160000000000082      -557.181938511296380
1728.000000000000000      -557.317046729502181
1771.559999999999945      -557.315502943863521
1815.849999999999909      -557.227401776183797
1860.869999999999891      -557.260887745908690
1906.619999999999891      -556.951492371952327


# Temperature: 90.000000
# Parameters: -557.383231 0.066665 6.890064 1757.164625
1442.900000000000091      -554.259488132591173
1481.539999999999964      -555.168389862371669
1520.880000000000109      -555.768769128400550
1560.900000000000091      -556.387615272824291
1601.609999999999900      -556.850261934543596
1643.029999999999973      -557.130729199161692
1685.160000000000082      -557.226883182979122
1728.000000000000000      -557.365098267398935
1771.559999999999945      -557.362429095840184
1815.849999999999909      -557.272621748612664
1860.869999999999891      -557.309472479553619
1906.619999999999891      -557.001620963161258


# Temperature: 100.000000
# Parameters: -557.438620 0.066209 7.033954 1757.002791
1442.900000000000091      -554.310907334733997
1481.539999999999964      -555.224466981091155
1520.880000000000109      -555.821753805887965
1560.900000000000091      -556.445463882533659
1601.609999999999900      -556.912121240565057
1643.029999999999973      -557.191197902945305
1685.160000000000082      -557.279776910946111
1728.000000000000000      -557.421417556460142
1771.559999999999945      -557.417862004077165
1815.849999999999909      -557.326339679078615
1860.869999999999891      -557.366164575314315
1906.619999999999891      -557.060889221992966


# Temperature: 110.000000
# Parameters: -557.502201 0.065735 7.180594 1756.924326
1442.900000000000091      -554.369128145870036
1481.539999999999964      -555.287508056698243
1520.880000000000109      -555.882036989356948
1560.900000000000091      -556.510747025035926
1601.609999999999900      -556.981703841230683
1643.029999999999973      -557.259534359512600
1685.160000000000082      -557.340549592356183
1728.000000000000000      -557.485891820026836
1771.559999999999945      -557.481687544560941
1815.849999999999909      -557.388470108011575
1860.869999999999891      -557.430830190130109
1906.619999999999891      -557.129136505474548


# Temperature: 120.000000
# Parameters: -557.573832 0.065246 7.328840 1756.927536
1442.900000000000091      -554.434034146301428
1481.539999999999964      -555.357378322676141
1520.880000000000109      -555.949494720144912
1560.900000000000091      -556.583319757144068
1601.609999999999900      -557.058850258510574
1643.029999999999973      -557.335580958473770
1685.160000000000082      -557.409090079812358
1728.000000000000000      -557.558373470988386
1771.559999999999945      -557.553750006671521
1815.849999999999909      -557.458874608236783
1860.869999999999891      -557.503303532061750
1906.619999999999891      -557.206157775310544


# Temperature: 130.000000
# Parameters: -557.653351 0.064747 7.478004 1757.009280
1442.900000000000091      -554.505512291971058
1481.539999999999964      -555.433949645636631
1520.880000000000109      -556.023999609017437
1560.900000000000091      -556.663037595844571
1601.609999999999900      -557.143400405992566
1643.029999999999973      -557.419174939436857
1685.160000000000082      -557.485264621459351
1728.000000000000000      -557.638698080306312
1771.559999999999945      -557.633873877827000
1815.849999999999909      -557.537387930902696
1860.869999999999891      -557.583406326451268
1906.619999999999891      -557.291730973012363


# Temperature: 140.000000
# Parameters: -557.740595 0.064240 7.627300 1757.166106
1442.900000000000091      -554.583453955034429
1481.539999999999964      -555.517100533611597
1520.880000000000109      -556.105424792208851
1560.900000000000091      -556.749759470038953
1601.609999999999900      -557.235197624726311
1643.029999999999973      -557.510154593982406
1685.160000000000082      -557.568929329192088
1728.000000000000000      -557.726696186055733
1771.559999999999945      -557.721877794818965
1815.849999999999909      -557.623834737547099
1860.869999999999891      -557.670959966984128
1906.619999999999891      -557.385633293864316


# Temperature: 150.000000
# Parameters: -557.835394 0.063727 7.776499 1757.394982
1442.900000000000091      -554.667755484566442
1481.539999999999964      -555.606716175436986
1520.880000000000109      -556.193646549434220
1560.900000000000091      -556.843349763341166
1601.609999999999900      -557.334091392442019
1643.029999999999973      -557.608363306689853
1685.160000000000082      -557.659938232725267
1728.000000000000000      -557.822200600231213
1771.559999999999945      -557.817582951302597
1815.849999999999909      -557.718039704217631
1860.869999999999891      -557.765792416216186
1906.619999999999891      -557.487650092935382


# Temperature: 160.000000
# Parameters: -557.937593 0.063208 7.925187 1757.692731
1442.900000000000091      -554.758318455303424
1481.539999999999964      -555.702688389968102
1520.880000000000109      -556.288545904132093
1560.900000000000091      -556.943679514258292
1601.609999999999900      -557.439938863679458
1643.029999999999973      -557.713651864296025
1685.160000000000082      -557.758148135250167
1728.000000000000000      -557.925050554452127
1771.559999999999945      -557.920817715076396
1815.849999999999909      -557.819833129575045
1860.869999999999891      -557.867741561521598
1906.619999999999891      -557.597579102297914


# Temperature: 170.000000
# Parameters: -558.047038 0.062684 8.073138 1758.056979
1442.900000000000091      -554.855049666606760
1481.539999999999964      -555.804915423976126
1520.880000000000109      -556.390009451568972
1560.900000000000091      -557.050626936476988
1601.609999999999900      -557.552605520664315
1643.029999999999973      -557.825879504557520
1685.160000000000082      -557.863421274978123
1728.000000000000000      -558.035093686791583
1771.559999999999945      -558.031419772447862
1815.849999999999909      -557.929053642038525
1860.869999999999891      -557.976656341688908
1906.619999999999891      -557.715231813620221


# Temperature: 180.000000
# Parameters: -558.163589 0.062156 8.220256 1758.485189
1442.900000000000091      -554.957860947615245
1481.539999999999964      -555.913301587326828
1520.880000000000109      -556.497929627273720
1560.900000000000091      -557.164077415754264
1601.609999999999900      -557.671965158797775
1643.029999999999973      -557.944914092444264
1685.160000000000082      -557.975626523248593
1728.000000000000000      -558.152186663632847
1771.559999999999945      -558.149236736616217
1815.849999999999909      -558.045549126350807
1860.869999999999891      -558.092396560363682
1906.619999999999891      -557.840433266735658


# Temperature: 190.000000
# Parameters: -558.287112 0.061624 8.366402 1758.975855
1442.900000000000091      -555.066668807968654
1481.539999999999964      -556.027756767931919
1520.880000000000109      -556.612204595103663
1560.900000000000091      -557.283923157532399
1601.609999999999900      -557.797899456539767
1643.029999999999973      -558.070631756353123
1685.160000000000082      -558.094639667474439
1728.000000000000000      -558.276194982747825
1771.559999999999945      -558.274125855399689
1815.849999999999909      -558.169176626154353
1860.869999999999891      -558.214832010268537
1906.619999999999891      -557.973021000779454


# Temperature: 200.000000
# Parameters: -558.417487 0.061088 8.511186 1759.526635
1442.900000000000091      -555.181394014946250
1481.539999999999964      -556.148195871043640
1520.880000000000109      -556.732737889677310
1560.900000000000091      -557.410062631414462
1601.609999999999900      -557.930297313132655
1643.029999999999973      -558.202916223758848
1685.160000000000082      -558.220343173799506
1728.000000000000000      -558.406992337968063
1771.559999999999945      -558.405953271227418
1815.849999999999909      -558.299801701406409
1860.869999999999891      -558.343841303078193
1906.619999999999891      -558.112843680923220


# Temperature: 210.000000
# Parameters: -558.554593 0.060548 8.654887 1760.136388
1442.900000000000091      -555.301961120856390
1481.539999999999964      -556.274538234709212
1520.880000000000109      -556.859437936509380
1560.900000000000091      -557.542399924434221
1601.609999999999900      -558.069054080609021
1643.029999999999973      -558.341658019020315
1685.160000000000082      -558.352625658521674
1728.000000000000000      -558.544459778642590
1771.559999999999945      -558.544593073845817
1815.849999999999909      -558.437297564000573
1860.869999999999891      -558.479310646435465
1906.619999999999891      -558.259759657742961


# Temperature: 220.000000
# Parameters: -558.698320 0.060004 8.797224 1760.803864
1442.900000000000091      -555.428297992498869
1481.539999999999964      -556.406707059737073
1520.880000000000109      -556.992217530687526
1560.900000000000091      -557.680844069452064
1601.609999999999900      -558.214070784399269
1643.029999999999973      -558.486753647712590
1685.160000000000082      -558.491381265200516
1728.000000000000000      -558.688484836967518
1771.559999999999945      -558.689926328150364
1815.849999999999909      -558.581544156382279
1860.869999999999891      -558.621132691445951
1906.619999999999891      -558.413635610536858


# Temperature: 230.000000
# Parameters: -558.848565 0.059456 8.938269 1761.527358
1442.900000000000091      -555.560335366537743
1481.539999999999964      -556.544628875936837
1520.880000000000109      -557.130993305186507
1560.900000000000091      -557.825308404643238
1601.609999999999900      -558.365253381250227
1643.029999999999973      -558.638104815161910
1685.160000000000082      -558.636509012745023
1728.000000000000000      -558.838960684334324
1771.559999999999945      -558.841840163167149
1815.849999999999909      -558.732427278879413
1860.869999999999891      -558.769205511797963
1906.619999999999891      -558.574345349215832


# Temperature: 240.000000
# Parameters: -559.005228 0.058904 9.077841 1762.305606
1442.900000000000091      -555.698006445295732
1481.539999999999964      -556.688233065363647
1520.880000000000109      -557.275685249965818
1560.900000000000091      -557.975709996208707
1601.609999999999900      -558.522512099022038
1643.029999999999973      -558.795617727893728
1685.160000000000082      -558.787912192213639
1728.000000000000000      -558.995785379921244
1771.559999999999945      -559.000226952239586
1815.849999999999909      -558.889837808235484
1860.869999999999891      -558.923431744564823
1906.619999999999891      -558.741768797570217


# Temperature: 250.000000
# Parameters: -559.168213 0.058348 9.216047 1763.137744
1442.900000000000091      -555.841246544368460
1481.539999999999964      -556.837451448783668
1520.880000000000109      -557.426216271488670
1560.900000000000091      -558.131969126380000
1601.609999999999900      -558.685760853179204
1643.029999999999973      -558.959202480069052
1685.160000000000082      -558.945497824763038
1728.000000000000000      -559.158861216708260
1771.559999999999945      -559.164983618622500
1815.849999999999909      -559.053671039479696
1860.869999999999891      -559.083717882325914
1906.619999999999891      -558.915791145472440


# Temperature: 260.000000
# Parameters: -559.337429 0.057788 9.352663 1764.022204
1442.900000000000091      -555.989992781697310
1481.539999999999964      -556.992217929143521
1520.880000000000109      -557.582511816499505
1560.900000000000091      -558.294008861230282
1601.609999999999900      -558.854916756561920
1643.029999999999973      -559.128772539416445
1685.160000000000082      -559.109176205620997
1728.000000000000000      -559.328094173207091
1771.559999999999945      -559.336011047828833
1815.849999999999909      -559.223826125220057
1860.869999999999891      -559.249973711423536
1906.619999999999891      -559.096302163799123


# Temperature: 270.000000
# Parameters: -559.512788 0.057225 9.487781 1764.957934
1442.900000000000091      -556.144183828826385
1481.539999999999964      -557.152468199298369
1520.880000000000109      -557.744499545548933
1560.900000000000091      -558.461754679632918
1601.609999999999900      -559.029899698596296
1643.029999999999973      -559.304244314006155
1685.160000000000082      -559.278860512316442
1728.000000000000000      -559.503393457434072
1771.559999999999945      -559.513213608800470
1815.849999999999909      -559.400205624797991
1860.869999999999891      -559.422111856971469
1906.619999999999891      -559.283195653052871


# Temperature: 280.000000
# Parameters: -559.694201 0.056657 9.621543 1765.944243
1442.900000000000091      -556.303759700508635
1481.539999999999964      -557.318139499487529
1520.880000000000109      -557.912109073888132
1560.900000000000091      -558.635134178916701
1601.609999999999900      -559.210632016747695
1643.029999999999973      -559.485536802973911
1685.160000000000082      -559.454466485461239
1728.000000000000000      -559.684671140015325
1771.559999999999945      -559.696498762138731
1815.849999999999909      -559.582715141539097
1860.869999999999891      -559.600047448089867
1906.619999999999891      -559.476368999771125


# Temperature: 290.000000
# Parameters: -559.881590 0.056086 9.753631 1766.979533
1442.900000000000091      -556.468661581622314
1481.539999999999964      -557.489170421450694
1520.880000000000109      -558.085271743454086
1560.900000000000091      -558.814076828196562
1601.609999999999900      -559.397038210466462
1643.029999999999973      -559.672571307358794
1685.160000000000082      -559.635912174824625
1728.000000000000000      -559.871841855695266
1771.559999999999945      -559.885776750213608
1815.849999999999909      -559.771263026335077
1860.869999999999891      -559.783697840142622
1906.619999999999891      -559.675722835542388


# Temperature: 300.000000
# Parameters: -560.074868 0.055511 9.884395 1768.062959
1442.900000000000091      -556.638831700726655
1481.539999999999964      -557.665500756072447
1520.880000000000109      -558.263920454969480
1560.900000000000091      -558.998513769379429
1601.609999999999900      -559.589044725611870
1643.029999999999973      -559.865271200015854
1685.160000000000082      -559.823117729975934
1728.000000000000000      -560.064822564959286
1771.559999999999945      -560.080960343238758
1815.849999999999909      -559.965760151702966
1860.869999999999891      -559.972982422998257
1906.619999999999891      -559.881160756134250


